"CORAL","GORGONIANS","SPONGES","ZOANTHIDS","MACROALGAE","OTHER LIVE","DEAD CORAL WITH ALGAE","CORALLINE ALGAE","DISEASED CORALS","SAND, PAVEMENT, RUBBLE","UNKNOWNS","TURF","Bleaching_frequency","Disease_frequency","Year","Site"
4.86,34.06,10.04,1.17,28.03,0.43,0.11,2.72,0,1.12,0,17.46,0.0533333333333333,0.0266666666666667,"2016","Fish Bowl"
1.76,2.72,6.72,0.32,42.77,0,0.16,0.48,0,1.44,0,43.63,0.0266666666666667,0.0266666666666667,"2016","Frenchman Reef"
1.76,1.71,4.85,0,44.32,6.77,0.27,0,0,3.15,0,37.17,0,0,"2016","Long Bay Reef"
4.16,25.01,5.97,0.27,24.43,0.43,0,3.79,0,6.29,0,29.65,0.0266666666666667,0,"2016","Mikes Mazes"
1.73,1.19,5.73,0.16,46.92,10.05,0.27,0,0,1.89,0,32.05,0,0,"2016","Moonscape"
3.52,13.01,8.21,0.32,27.94,1.6,0.05,2.99,0,3.68,0,38.67,0.04,0.0266666666666667,"2016","Proselyte Reef"
5.82,35.77,9.93,0.48,24.77,0,0.11,2.83,0,0.32,0,19.97,0.04,0.0133333333333333,"2016","Shark Hotel"
4.32,16.64,13.65,0.27,11.2,1.23,0.59,10.83,0,0.69,0.16,40.43,0.0533333333333333,0,"2017_post","Fish Bowl"
2.4,1.23,7.15,0.48,18.19,2.56,0,2.24,0,3.36,0,62.4,0,0,"2017_post","Frenchman Reef"
2.03,1.6,6.83,0,27.98,0.05,0.21,0.64,0,8.86,0,51.79,0,0,"2017_post","Long Bay Reef"
5.97,14.08,12.21,3.73,4.27,0.53,0.64,13.97,0,1.49,0,43.09,0.0666666666666667,0,"2017_post","Mikes Mazes"
2.19,0.11,3.84,0,19.09,0.16,0.37,0.48,0,9.97,0,63.79,0,0,"2017_post","Moonscape"
5.98,8.97,16.55,0.53,8.23,0.59,0.27,9.34,0,5.02,0.05,44.47,0.04,0,"2017_post","Proselyte Reef"
3.31,11.79,11.68,0.21,11.2,0.43,0.27,8.75,0,0.75,0,51.63,0,0.0266666666666667,"2017_post","Shark Hotel"
4.85,20.32,18.08,0.48,25.07,0.59,0.37,3.25,0,1.71,0,25.28,0.0263157894736842,0.0131578947368421,"2017_pre","Fish Bowl"
1.76,4.27,9.92,0,24.11,0.27,0,1.12,0,1.55,0,57.01,0,0,"2017_pre","Frenchman Reef"
4.96,1.97,13.6,0,33.98,18.4,0.05,0.21,0,1.17,0,25.65,0,0,"2017_pre","Long Bay Reef"
13.71,23.79,12.48,3.04,21.87,0,0.21,5.44,0,0.75,0,18.72,0.106666666666667,0.0133333333333333,"2017_pre","Mikes Mazes"
4.75,1.28,7.36,0,33.33,2.4,0.75,0.32,0,2.93,0,46.88,0,0,"2017_pre","Moonscape"
6.88,11.84,16.85,0.32,27.31,0.48,0.05,5.33,0,3.52,0,27.41,0.0133333333333333,0.04,"2017_pre","Proselyte Reef"
6.03,20.85,19.89,0.37,30.93,0.05,0.32,1.71,0,0.53,0,19.31,0,0.0133333333333333,"2017_pre","Shark Hotel"
4.16438356164384,16.3835616438356,13.5890410958904,0.0547945205479452,12.9315068493151,0,0.219178082191781,0.0547945205479452,0.0547945205479452,6.13698630136986,0,46.0821917808219,0.0273972602739726,0,"2018","Fish Bowl"
1.6551724137931,1.42528735632184,7.26436781609195,0.0919540229885057,24.1379310344828,0,0.413793103448276,0.0919540229885057,0.137931034482759,2.66666666666667,0,61.9770114942529,0.0344827586206897,0.114942528735632,"2018","Frenchman Reef"
2.70833333333333,3.125,6,0,16.7916666666667,0,0.25,0,0,3.58333333333333,0,67.5,0,0,"2018","Long Bay Reef"
5.51724137931035,18.9885057471264,11.6781609195402,1.70114942528736,11.7701149425287,0.137931034482759,0,0.551724137931034,0,9.05747126436782,0,40.4597701149425,0.0344827586206897,0.0114942528735632,"2018","Mikes Mazes"
2.04651162790698,0.0465116279069767,9.2093023255814,0,26.5116279069767,0.0465116279069767,0.325581395348837,0,0,8.7906976744186,0,52.9302325581395,0.0930232558139535,0.0116279069767442,"2018","Moonscape"
3.65432098765432,6.02469135802469,19.2098765432099,0.148148148148148,11.5555555555556,0.0493827160493827,0.444444444444444,0.148148148148148,0,8.79012345679012,0,49.9753086419753,0.0246913580246914,0.037037037037037,"2018","Proselyte Reef"
4.46153846153846,16.6153846153846,20.2051282051282,0.41025641025641,10.5128205128205,0,0.41025641025641,0,0,1.48717948717949,0,45.8974358974359,0.0641025641025641,0,"2018","Shark Hotel"
2.53164556962025,5.46835443037975,5.56962025316456,0.151898734177215,16.8101265822785,0,0.253164556962025,0.253164556962025,0.151898734177215,0,0.10126582278481,67.7974683544304,0.0253164556962025,0.0379746835443038,"2019","Fish Bowl"
1.28205128205128,1.17948717948718,3.38461538461538,0.153846153846154,40.4102564102564,0,0,0.205128205128205,0,1.38461538461538,0,51.5897435897436,0,0,"2019","Frenchman Reef"
0.871794871794872,0.307692307692308,2.46153846153846,0,43.4871794871795,0,0,0,0,1.74358974358974,0,50.9230769230769,0,0.0128205128205128,"2019","Long Bay Reef"
6.7,6.4,4.9,1.6,27.45,0,0,0.4,0,0.6,0.2,51.15,0.1125,0.0125,"2019","Mikes Mazes"
0.564102564102564,0.205128205128205,3.38461538461538,0.0512820512820513,33.8974358974359,0,0,0.0512820512820513,0,1.48717948717949,0.0512820512820513,58.2564102564103,0,0.0256410256410256,"2019","Moonscape"
1.8974358974359,6.56410256410256,5.79487179487179,0.871794871794872,28.974358974359,0,0,0,0,0.153846153846154,0,55.1794871794872,0,0,"2019","Shark Hotel"
4.86075949367089,18.7848101265823,18.6329113924051,0.30379746835443,8.10126582278481,0,0.40506329113924,0,0,0.506329113924051,0,48.4050632911392,0.0126582278481013,0,"2020","Fish Bowl"
1.72151898734177,3.0379746835443,11.9493670886076,0.151898734177215,33.1139240506329,0,0.20253164556962,0.0506329113924051,0,0.506329113924051,0,49.2658227848101,0,0,"2020","Frenchman Reef"
5.95121951219512,15.5121951219512,11.5121951219512,2.19512195121951,21.0731707317073,0,0.0487804878048781,0,0,2.04878048780488,0,41.6585365853659,0.024390243902439,0,"2020","Mikes Mazes"
1.4025974025974,0.155844155844156,9.55844155844156,0,29.6623376623377,0,0.519480519480519,0,0,9.19480519480519,0,49.4545454545455,0.025974025974026,0,"2020","Moonscape"
4,9.2987012987013,20.5194805194805,0.25974025974026,9.50649350649351,0,0.051948051948052,0,0,4.36363636363636,0,52,0.012987012987013,0,"2020","Proselyte Reef"
2.81481481481481,12.4938271604938,30.1234567901235,0.444444444444444,6.76543209876543,0,0.395061728395062,0,0,2.46913580246914,0,44.4938271604938,0,0,"2020","Shark Hotel"
2.43478260869565,11.9420289855072,24.695652173913,0.289855072463768,6.84057971014493,0,0.347826086956522,0,0,13.1014492753623,0,40.3478260869565,0.0144927536231884,0,"2023","Fish Bowl"
0.853333333333333,0.373333333333333,9.6,0.0533333333333333,22.24,0.0533333333333333,0.213333333333333,1.22666666666667,0,7.68,0,54.8266666666667,0.0133333333333333,0,"2023","Frenchman Reef"
0.702702702702703,0.756756756756757,14.972972972973,0,28.8648648648649,0,0.378378378378378,0.108108108108108,0,7.83783783783784,0.0540540540540541,45.0810810810811,0,0,"2023","Long Bay Reef"
6.17647058823529,14.1176470588235,16.5294117647059,2.94117647058824,19.0588235294118,0,0.470588235294118,0.588235294117647,0,2.17647058823529,0,37.9411764705882,0.25,0.0147058823529412,"2023","Mikes Mazes"
1.22666666666667,0.16,6.98666666666667,0,16.5333333333333,0,0.0533333333333333,0,0,12.64,0,62.4,0.04,0,"2023","Moonscape"
3.71014492753623,6.95652173913043,15.0144927536232,0.0579710144927536,14.7826086956522,0,0.115942028985507,0,0,9.5072463768116,0,49.8550724637681,0.072463768115942,0,"2023","Proselyte Reef"
2.82666666666667,6.93333333333333,13.3333333333333,0.213333333333333,42.5066666666667,0,0.0533333333333333,0,0,0.426666666666667,0,33.7066666666667,0.173333333333333,0,"2023","Shark Hotel"
